%YAML:1.0
---
cam_mat: !!opencv-matrix
   rows: 3
   cols: 3
   dt: d
   data: [ 5.3307024562379354e+02, 0., 3.4221010191495657e+02, 0.,
       5.3306576579794557e+02, 2.3499355266946719e+02, 0., 0., 1. ]
dist_mat: !!opencv-matrix
   rows: 1
   cols: 5
   dt: d
   data: [ -2.7901033100782630e-01, 3.8597077032630669e-02,
       1.1089875746441889e-03, -7.6738084931135525e-05,
       9.2580106000228077e-02 ]
